0.0253109 -0.0334626 -0.0439795 10.1034
1.03203 -0.090364 -0.069121 10.0631
2.03398 -0.17271 -0.0938885 10.023
3.02916 -0.278666 -0.118021 9.97282
4.01601 -0.408028 -0.142368 9.91263
4.99294 -0.560535 -0.166629 9.84244
5.95851 -0.735242 -0.190453 9.76227
6.91133 -0.930938 -0.214634 9.67209
7.84971 -1.14805 -0.240577 9.57192
8.77164 -1.38787 -0.268416 9.46181
9.67524 -1.6507 -0.296909 9.3418
10.5591 -1.93513 -0.325661 9.21196
11.4217 -2.24026 -0.35707 9.0723
12.2601 -2.56825 -0.392348 8.92287
13.0716 -2.92059 -0.42984 8.76396